0.0 0.0 0.0
-0.5 0.0 0.5
0.0 -0.5 -0.5
0.22369078370451678 -0.22369078370451678 1.4595008505359024
-1.2236907837045168 1.2236907837045168 -0.4595008505359024
1.2236907837045168 -1.2236907837045168 -0.5404991494640976
0.22369078370451678 -1.2236907837045168 0.4595008505359024
-0.7207060930967165 0.2792939069032835 0.5
-0.2792939069032835 -0.2792939069032835 -0.5
-0.5 0.5 0.5
-0.5 0.0 0.0
-0.3715667739496874 -0.3715667739496874 0.0
-0.6284332260503126 0.3715667739496874 1.0
0.3715667739496874 -0.6284332260503126 -1.0
-0.5 0.5 1.0
0.5 -0.5 -1.0
0.0 0.0 -0.5
