0.0 0.0 0.0
0.09970322229933626 -0.09970322229933626 0.7379924572079186
0.9002967777006637 0.09970322229933626 -0.7379924572079186
0.09970322229933626 0.9002967777006637 -0.2620075427920814
0.8135860287675809 -0.8135860287675809 -0.9837094598878351
0.1864139712324191 0.8135860287675809 0.9837094598878351
-0.8135860287675809 0.8135860287675809 -0.01629054011216491
0.5 0.5 -0.5
0.5 0.0 0.0
0.5 0.0 0.5
0.0 0.5 -0.5
0.5 0.5 0.0
0.4566446255334586 -0.4566446255334586 0.37714149866004176
0.5433553744665414 0.4566446255334586 0.6228585013399581
-0.4566446255334586 0.4566446255334586 -0.37714149866004176
0.4566446255334586 0.5433553744665414 -0.6228585013399581
0.0 0.0 -0.5
